MEME version 4

ALPHABET= ACGT

strands: + -

MOTIF Minus35
letter-probability matrix: alength= 4 w= 6 nsites= 864
 0.060185 0.061343 0.032407 0.846065
 0.217593 0.052083 0.075231 0.655093
 0.075231 0.104167 0.549769 0.270833
 0.447917 0.239583 0.054398 0.258102
 0.320602 0.281250 0.105324 0.292824
 0.462963 0.131944 0.115741 0.289352

MOTIF Minus10
letter-probability matrix: alength= 4 w= 6 nsites= 864
 0.037037 0.068287 0.032407 0.862269
 0.960648 0.001157 0.015046 0.023148
 0.315972 0.105324 0.099537 0.479167
 0.611111 0.069444 0.144676 0.174769
 0.607639 0.194444 0.085648 0.112269
 0.069444 0.033565 0.021991 0.875000

