MEME version 4

ALPHABET= ACGT

strands: + -

MOTIF Minus35
letter-probability matrix: alength= 4 w= 6 nsites= 468
 0.066239 0.059829 0.029915 0.844017
 0.121795 0.079060 0.126068 0.673077
 0.036325 0.119658 0.645299 0.198718
 0.382479 0.352564 0.074786 0.190171
 0.230769 0.438034 0.132479 0.198718
 0.356838 0.217949 0.224359 0.200855

MOTIF Minus10
letter-probability matrix: alength= 4 w= 6 nsites= 468
 0.079060 0.175214 0.130342 0.615385
 0.835470 0.023504 0.059829 0.081197
 0.198718 0.160256 0.175214 0.465812
 0.367521 0.202991 0.235043 0.194444
 0.335470 0.277778 0.181624 0.205128
 0.147436 0.145299 0.138889 0.568376

