MEME version 4

ALPHABET= ACGT

strands: + -

MOTIF Minus35
letter-probability matrix: alength= 4 w= 6 nsites= 3955
 0.080657 0.084197 0.064223 0.770923
 0.293552 0.078129 0.130468 0.497851
 0.090265 0.145386 0.520860 0.243489
 0.420480 0.274083 0.070291 0.235145
 0.296334 0.319848 0.122630 0.261188
 0.494058 0.160051 0.161315 0.184576

MOTIF Minus10
letter-probability matrix: alength= 4 w= 6 nsites= 3955
 0.064223 0.057396 0.082933 0.795449
 0.925664 0.005310 0.028319 0.040708
 0.322377 0.115550 0.144374 0.417699
 0.563590 0.094311 0.136789 0.205310
 0.564096 0.188369 0.111504 0.136030
 0.115044 0.037674 0.043236 0.804046

