MEME version 4

ALPHABET= ACGT

strands: + -

MOTIF Minus35
letter-probability matrix: alength= 4 w= 6 nsites= 600
 0.050000 0.026667 0.033333 0.890000
 0.166667 0.023333 0.075000 0.735000
 0.065000 0.093333 0.546667 0.295000
 0.536667 0.193333 0.033333 0.236667
 0.285000 0.388333 0.093333 0.233333
 0.498333 0.120000 0.110000 0.271667

MOTIF Minus10
letter-probability matrix: alength= 4 w= 6 nsites= 600
 0.058333 0.033333 0.036667 0.871667
 0.976667 0.003333 0.013333 0.006667
 0.220000 0.146667 0.090000 0.543333
 0.660000 0.063333 0.146667 0.130000
 0.698333 0.161667 0.065000 0.075000
 0.063333 0.023333 0.023333 0.890000

