MEME version 4

ALPHABET= ACGT

strands: + -

MOTIF Minus35
letter-probability matrix: alength= 4 w= 6 nsites= 1616
 0.077970 0.053218 0.048267 0.820545
 0.243812 0.045173 0.102723 0.608292
 0.074257 0.120668 0.505569 0.299505
 0.336634 0.259282 0.105198 0.298886
 0.313738 0.227723 0.124381 0.334158
 0.446163 0.159035 0.155322 0.239480

MOTIF Minus10
letter-probability matrix: alength= 4 w= 6 nsites= 1616
 0.046411 0.031559 0.032178 0.889851
 0.844059 0.009282 0.060025 0.086634
 0.120668 0.223391 0.050743 0.605198
 0.325495 0.280941 0.046411 0.347153
 0.209777 0.115099 0.055693 0.619431
 0.056931 0.054455 0.021658 0.866955

