MEME version 4

ALPHABET= ACGT

strands: + -

MOTIF Minus35
letter-probability matrix: alength= 4 w= 6 nsites= 593
 0.101180 0.178752 0.097808 0.622260
 0.178752 0.145025 0.236088 0.440135
 0.028668 0.173693 0.652614 0.145025
 0.303541 0.411467 0.141653 0.143339
 0.258010 0.446880 0.182125 0.112985
 0.288364 0.293423 0.286678 0.131535

MOTIF Minus10
letter-probability matrix: alength= 4 w= 6 nsites= 593
 0.045531 0.143339 0.143339 0.667791
 0.819562 0.021922 0.102867 0.055649
 0.205734 0.264755 0.200675 0.328836
 0.529511 0.173693 0.175379 0.121417
 0.451939 0.328836 0.134907 0.084317
 0.086003 0.102867 0.053963 0.757167

