MEME version 4

ALPHABET= ACGT

strands: + -

MOTIF Minus35
letter-probability matrix: alength= 4 w= 6 nsites= 4451
 0.075264 0.109189 0.089193 0.726354
 0.137273 0.148731 0.181532 0.532465
 0.029881 0.128061 0.731072 0.110986
 0.326668 0.433161 0.093237 0.146933
 0.190294 0.470681 0.195237 0.143788
 0.293417 0.281734 0.286677 0.138171

MOTIF Minus10
letter-probability matrix: alength= 4 w= 6 nsites= 4451
 0.070995 0.203774 0.157493 0.567738
 0.817344 0.037969 0.081330 0.063357
 0.187598 0.223770 0.224893 0.363738
 0.331836 0.236127 0.278589 0.153449
 0.345091 0.294765 0.202426 0.157717
 0.136149 0.158167 0.124916 0.580768

