MEME version 4

ALPHABET= ACGT

strands: + -

MOTIF Minus35
letter-probability matrix: alength= 4 w= 6 nsites= 1086
 0.058011 0.244015 0.118785 0.579190
 0.138122 0.205341 0.216390 0.440147
 0.036832 0.157459 0.698895 0.106814
 0.328729 0.389503 0.123389 0.158379
 0.184162 0.439227 0.244015 0.132597
 0.267035 0.290055 0.333333 0.109576

MOTIF Minus10
letter-probability matrix: alength= 4 w= 6 nsites= 1086
 0.034991 0.093923 0.070902 0.800184
 0.953959 0.011050 0.023020 0.011971
 0.232965 0.220074 0.130755 0.416206
 0.632597 0.115101 0.165746 0.086556
 0.601289 0.255064 0.089319 0.054328
 0.034070 0.029466 0.023020 0.913444

