MEME version 4

ALPHABET= ACGT

strands: + -

MOTIF Minus35
letter-probability matrix: alength= 4 w= 6 nsites= 675
 0.114074 0.048889 0.054815 0.782222
 0.312593 0.053333 0.056296 0.577778
 0.139259 0.090370 0.342222 0.428148
 0.530370 0.142222 0.040000 0.287407
 0.482963 0.143704 0.056296 0.317037
 0.605926 0.074074 0.068148 0.251852

MOTIF Minus10
letter-probability matrix: alength= 4 w= 6 nsites= 675
 0.057778 0.022222 0.031111 0.888889
 0.943704 0.002963 0.007407 0.045926
 0.291852 0.072593 0.081481 0.554074
 0.690370 0.038519 0.097778 0.173333
 0.762963 0.091852 0.048889 0.096296
 0.063704 0.022222 0.011852 0.902222

