MEME version 4

ALPHABET= ACGT

strands: + -

MOTIF Minus35
letter-probability matrix: alength= 4 w= 6 nsites= 1443
 0.036729 0.069300 0.062370 0.831601
 0.094941 0.115038 0.144837 0.645184
 0.029106 0.109494 0.752599 0.108801
 0.365904 0.424116 0.074844 0.135135
 0.164241 0.498960 0.210672 0.126126
 0.286902 0.323631 0.227304 0.162162

MOTIF Minus10
letter-probability matrix: alength= 4 w= 6 nsites= 1443
 0.054747 0.205128 0.124740 0.615385
 0.831601 0.040887 0.060291 0.067221
 0.218295 0.186417 0.236313 0.358974
 0.338877 0.240471 0.279972 0.140679
 0.281358 0.303534 0.235620 0.179487
 0.144837 0.187110 0.165627 0.502426

