MEME version 4

ALPHABET= ACGT

strands: + -

MOTIF Minus35
letter-probability matrix: alength= 4 w= 6 nsites= 381
 0.039370 0.010499 0.015748 0.934383
 0.170604 0.036745 0.065617 0.727034
 0.034121 0.083990 0.687664 0.194226
 0.506562 0.225722 0.060367 0.207349
 0.317585 0.275591 0.086614 0.320210
 0.443570 0.125984 0.102362 0.328084

MOTIF Minus10
letter-probability matrix: alength= 4 w= 6 nsites= 381
 0.028871 0.044619 0.039370 0.887139
 0.976378 0.000000 0.010499 0.013123
 0.341207 0.086614 0.099738 0.472441
 0.590551 0.123360 0.123360 0.162730
 0.559055 0.202100 0.110236 0.128609
 0.094488 0.020997 0.034121 0.850394

