MEME version 4

ALPHABET= ACGT

strands: + -

MOTIF Minus35
letter-probability matrix: alength= 4 w= 6 nsites= 349
 0.037249 0.008596 0.054441 0.899713
 0.157593 0.020057 0.080229 0.742120
 0.042980 0.083095 0.656160 0.217765
 0.421203 0.252149 0.060172 0.266476
 0.289398 0.234957 0.117479 0.358166
 0.429799 0.111748 0.157593 0.300860

MOTIF Minus10
letter-probability matrix: alength= 4 w= 6 nsites= 349
 0.037249 0.048711 0.060172 0.853868
 0.931232 0.017192 0.022923 0.028653
 0.283668 0.108883 0.120344 0.487106
 0.553009 0.126074 0.157593 0.163324
 0.555874 0.203438 0.114613 0.126074
 0.126074 0.042980 0.063037 0.767908

