MEME version 4

ALPHABET= ACGT

strands: + -

MOTIF Minus35
letter-probability matrix: alength= 4 w= 6 nsites= 1288
 0.053571 0.016304 0.029503 0.900621
 0.284938 0.012422 0.072981 0.629658
 0.100932 0.059006 0.489130 0.350932
 0.631211 0.119565 0.033385 0.215839
 0.449534 0.231366 0.034938 0.284161
 0.631988 0.059006 0.087733 0.221273

MOTIF Minus10
letter-probability matrix: alength= 4 w= 6 nsites= 1288
 0.062888 0.014752 0.033385 0.888975
 0.978261 0.002329 0.006211 0.013199
 0.261646 0.059006 0.062888 0.616460
 0.718944 0.038820 0.055901 0.186335
 0.774845 0.081522 0.047360 0.096273
 0.101708 0.013975 0.025621 0.858696

