MEME version 4

ALPHABET= ACGT

strands: + -

MOTIF Minus35
letter-probability matrix: alength= 4 w= 6 nsites= 1202
 0.090682 0.135607 0.088186 0.685524
 0.241265 0.139767 0.174709 0.444260
 0.051581 0.180532 0.601498 0.166389
 0.335275 0.346922 0.109817 0.207987
 0.267887 0.328619 0.174709 0.228785
 0.415973 0.200499 0.193844 0.189684

MOTIF Minus10
letter-probability matrix: alength= 4 w= 6 nsites= 1202
 0.040765 0.059900 0.054908 0.844426
 0.937604 0.004992 0.029950 0.027454
 0.214642 0.195507 0.291181 0.298669
 0.422629 0.133943 0.238769 0.204659
 0.397671 0.301997 0.222130 0.078203
 0.058236 0.037438 0.036606 0.867720

