MEME version 4

ALPHABET= ACGT

strands: + -

MOTIF Minus35
letter-probability matrix: alength= 4 w= 6 nsites= 2147
 0.097345 0.134606 0.103400 0.664648
 0.249185 0.110387 0.198882 0.441546
 0.056823 0.163484 0.611085 0.168607
 0.337215 0.344667 0.118305 0.199814
 0.269213 0.353982 0.155566 0.221239
 0.397299 0.206334 0.231486 0.164881

MOTIF Minus10
letter-probability matrix: alength= 4 w= 6 nsites= 2147
 0.048440 0.070331 0.069865 0.811365
 0.924080 0.006986 0.031206 0.037727
 0.257569 0.180717 0.264089 0.297625
 0.440615 0.133209 0.252445 0.173731
 0.376339 0.313926 0.212855 0.096879
 0.058687 0.039590 0.051234 0.850489

