MEME version 4

ALPHABET= ACGT

strands: + -

MOTIF Minus35
letter-probability matrix: alength= 4 w= 6 nsites= 1865
 0.070241 0.097587 0.062735 0.769437
 0.178016 0.077212 0.157105 0.587668
 0.047185 0.113673 0.633244 0.205898
 0.384987 0.335121 0.057909 0.221984
 0.267560 0.370509 0.136193 0.225737
 0.372118 0.206971 0.198928 0.221984

MOTIF Minus10
letter-probability matrix: alength= 4 w= 6 nsites= 1865
 0.042359 0.105094 0.070241 0.782306
 0.943164 0.006434 0.019839 0.030563
 0.257909 0.167292 0.101340 0.473458
 0.501877 0.150670 0.158713 0.188740
 0.530831 0.249330 0.107775 0.112064
 0.049866 0.045040 0.025201 0.879893

