MEME version 4

ALPHABET= ACGT

strands: + -

MOTIF Minus35
letter-probability matrix: alength= 4 w= 6 nsites= 875
 0.070857 0.100571 0.059429 0.769143
 0.148571 0.062857 0.178286 0.610286
 0.043429 0.108571 0.662857 0.185143
 0.449143 0.268571 0.068571 0.213714
 0.260571 0.461714 0.141714 0.136000
 0.362286 0.221714 0.209143 0.206857

MOTIF Minus10
letter-probability matrix: alength= 4 w= 6 nsites= 875
 0.092571 0.112000 0.097143 0.698286
 0.874286 0.025143 0.054857 0.045714
 0.192000 0.258286 0.136000 0.413714
 0.473143 0.157714 0.168000 0.201143
 0.440000 0.228571 0.176000 0.155429
 0.206857 0.096000 0.073143 0.624000

