MEME version 4

ALPHABET= ACGT

strands: + -

MOTIF Minus35
letter-probability matrix: alength= 4 w= 6 nsites= 716
 0.135475 0.061453 0.079609 0.723464
 0.266760 0.082402 0.097765 0.553073
 0.111732 0.121508 0.402235 0.364525
 0.472067 0.213687 0.053073 0.261173
 0.470670 0.180168 0.075419 0.273743
 0.544693 0.087989 0.103352 0.263966

MOTIF Minus10
letter-probability matrix: alength= 4 w= 6 nsites= 716
 0.046089 0.013966 0.029330 0.910615
 0.960894 0.001397 0.018156 0.019553
 0.252793 0.090782 0.101955 0.554469
 0.653631 0.081006 0.127095 0.138268
 0.743017 0.113128 0.071229 0.072626
 0.048883 0.016760 0.016760 0.917598

