MEME version 4

ALPHABET= ACGT

strands: + -

MOTIF Minus35
letter-probability matrix: alength= 4 w= 6 nsites= 468
 0.036325 0.059829 0.049145 0.854701
 0.143162 0.083333 0.141026 0.632479
 0.051282 0.098291 0.683761 0.166667
 0.371795 0.358974 0.057692 0.211538
 0.254274 0.380342 0.160256 0.205128
 0.429487 0.170940 0.145299 0.254274

MOTIF Minus10
letter-probability matrix: alength= 4 w= 6 nsites= 468
 0.044872 0.117521 0.066239 0.771368
 0.961538 0.002137 0.021368 0.014957
 0.239316 0.141026 0.138889 0.480769
 0.596154 0.123932 0.130342 0.149573
 0.576923 0.252137 0.070513 0.100427
 0.044872 0.040598 0.012821 0.901709

