MEME version 4

ALPHABET= ACGT

strands: + -

MOTIF Minus35
letter-probability matrix: alength= 4 w= 6 nsites= 2057
 0.076811 0.037433 0.049101 0.836655
 0.311133 0.023335 0.114730 0.550802
 0.116189 0.085561 0.518717 0.279533
 0.524550 0.161400 0.058337 0.255712
 0.386971 0.255226 0.076811 0.280992
 0.554205 0.089937 0.131259 0.224599

MOTIF Minus10
letter-probability matrix: alength= 4 w= 6 nsites= 2057
 0.116675 0.070977 0.107438 0.704910
 0.931940 0.005834 0.029655 0.032572
 0.282936 0.113758 0.151191 0.452115
 0.602333 0.067574 0.145357 0.184735
 0.635391 0.137093 0.108410 0.119105
 0.171609 0.055421 0.102577 0.670394

