MEME version 4

ALPHABET= ACGT

strands: + -

MOTIF Minus35
letter-probability matrix: alength= 4 w= 6 nsites= 2859
 0.049318 0.036726 0.031480 0.882476
 0.166842 0.054215 0.064358 0.714586
 0.047219 0.084295 0.561035 0.307450
 0.495278 0.199021 0.059112 0.246590
 0.333683 0.336831 0.089542 0.239944
 0.485135 0.159846 0.155999 0.199021

MOTIF Minus10
letter-probability matrix: alength= 4 w= 6 nsites= 2863
 0.177087 0.085575 0.143905 0.593433
 0.854349 0.026546 0.036326 0.082780
 0.321691 0.139714 0.156829 0.381767
 0.525672 0.106532 0.119455 0.248341
 0.497380 0.217255 0.096053 0.189312
 0.153336 0.062173 0.053440 0.731051

