MEME version 4

ALPHABET= ACGT

strands: + -

MOTIF Minus35
letter-probability matrix: alength= 4 w= 6 nsites= 911
 0.046103 0.037322 0.039517 0.877058
 0.183315 0.034029 0.106476 0.676180
 0.039517 0.086718 0.624588 0.249177
 0.424808 0.287596 0.050494 0.237102
 0.310648 0.321625 0.116356 0.251372
 0.487377 0.103183 0.122942 0.286498

MOTIF Minus10
letter-probability matrix: alength= 4 w= 6 nsites= 911
 0.049396 0.021954 0.041712 0.886937
 0.967069 0.004391 0.012075 0.016465
 0.249177 0.102086 0.073546 0.575192
 0.693743 0.060373 0.121844 0.124040
 0.699232 0.176729 0.071350 0.052689
 0.045005 0.010977 0.032931 0.911087

