MEME version 4

ALPHABET= ACGT

strands: + -

MOTIF Minus35
letter-probability matrix: alength= 4 w= 6 nsites= 1079
 0.057461 0.038925 0.037071 0.866543
 0.168675 0.039852 0.092678 0.698795
 0.047266 0.078777 0.630213 0.243744
 0.427247 0.289157 0.051900 0.231696
 0.317887 0.309546 0.101946 0.270621
 0.483781 0.110287 0.126043 0.279889

MOTIF Minus10
letter-probability matrix: alength= 4 w= 6 nsites= 1079
 0.051900 0.017609 0.046339 0.884152
 0.957368 0.001854 0.012975 0.027804
 0.264133 0.103800 0.070436 0.561631
 0.696015 0.070436 0.117702 0.115848
 0.685820 0.180723 0.065802 0.067655
 0.059314 0.017609 0.025950 0.897127

