MEME version 4

ALPHABET= ACGT

strands: + -

MOTIF Minus35
letter-probability matrix: alength= 4 w= 6 nsites= 2030
 0.059606 0.088670 0.066995 0.784729
 0.103448 0.132512 0.175862 0.588177
 0.027586 0.099507 0.764532 0.108374
 0.372906 0.406897 0.082266 0.137931
 0.195567 0.466502 0.207882 0.130049
 0.262562 0.308867 0.287192 0.141379

MOTIF Minus10
letter-probability matrix: alength= 4 w= 6 nsites= 2030
 0.050246 0.239901 0.147291 0.562562
 0.835961 0.031527 0.070443 0.062069
 0.186700 0.210837 0.219704 0.382759
 0.301478 0.262069 0.290640 0.145813
 0.269458 0.305911 0.246798 0.177833
 0.128079 0.234975 0.185222 0.451724

