MEME version 4

ALPHABET= ACGT

strands: + -

MOTIF Minus35
letter-probability matrix: alength= 4 w= 6 nsites= 1778
 0.077615 0.204162 0.157480 0.560742
 0.204724 0.210911 0.257030 0.327334
 0.034871 0.172103 0.703600 0.089426
 0.293026 0.397075 0.142857 0.167042
 0.145669 0.486502 0.215411 0.152418
 0.248031 0.301462 0.341395 0.109111

MOTIF Minus10
letter-probability matrix: alength= 4 w= 6 nsites= 1778
 0.035433 0.112486 0.108549 0.743532
 0.913386 0.012373 0.050056 0.024184
 0.156355 0.291901 0.294713 0.257030
 0.289089 0.251406 0.338020 0.121485
 0.277840 0.363330 0.266029 0.092801
 0.039370 0.045557 0.045557 0.869516

