MEME version 4

ALPHABET= ACGT

strands: + -

MOTIF Minus35
letter-probability matrix: alength= 4 w= 6 nsites= 718
 0.096100 0.082173 0.069638 0.752089
 0.264624 0.059889 0.103064 0.572423
 0.103064 0.114206 0.488858 0.293872
 0.441504 0.220056 0.076602 0.261838
 0.352368 0.236769 0.107242 0.303621
 0.533426 0.165738 0.126741 0.174095

MOTIF Minus10
letter-probability matrix: alength= 4 w= 6 nsites= 718
 0.115599 0.057103 0.061281 0.766017
 0.895543 0.008357 0.019499 0.076602
 0.433148 0.105850 0.100279 0.360724
 0.629526 0.075209 0.096100 0.199164
 0.632312 0.164345 0.093315 0.110028
 0.125348 0.045961 0.034819 0.793872

