MEME version 4

ALPHABET= ACGT

strands: + -

MOTIF Minus35
letter-probability matrix: alength= 4 w= 6 nsites= 3043
 0.088728 0.206375 0.165297 0.539599
 0.163326 0.219192 0.252383 0.365100
 0.038778 0.158396 0.697667 0.105159
 0.316793 0.392047 0.141308 0.149852
 0.154781 0.473874 0.211962 0.159382
 0.267828 0.329938 0.308248 0.093986

MOTIF Minus10
letter-probability matrix: alength= 4 w= 6 nsites= 3043
 0.037792 0.141637 0.153138 0.667433
 0.898127 0.013802 0.062767 0.025304
 0.153138 0.308248 0.289188 0.249425
 0.303648 0.247453 0.321722 0.127177
 0.294446 0.357542 0.260927 0.087085
 0.051922 0.064081 0.054223 0.829773

