MEME version 4

ALPHABET= ACGT

strands: + -

MOTIF Minus35
letter-probability matrix: alength= 4 w= 6 nsites= 188
 0.021277 0.053191 0.042553 0.882979
 0.191489 0.037234 0.111702 0.659574
 0.085106 0.101064 0.595745 0.218085
 0.510638 0.239362 0.026596 0.223404
 0.297872 0.382979 0.069149 0.250000
 0.425532 0.159574 0.143617 0.271277

MOTIF Minus10
letter-probability matrix: alength= 4 w= 6 nsites= 188
 0.021277 0.058511 0.053191 0.867021
 0.936170 0.000000 0.021277 0.042553
 0.159574 0.154255 0.101064 0.585106
 0.670213 0.053191 0.090426 0.186170
 0.723404 0.159574 0.069149 0.047872
 0.132979 0.031915 0.053191 0.781915

