MEME version 4

ALPHABET= ACGT

strands: + -

MOTIF Minus35
letter-probability matrix: alength= 4 w= 6 nsites= 909
 0.084708 0.115512 0.053905 0.745875
 0.170517 0.073707 0.138614 0.617162
 0.030803 0.125413 0.639164 0.204620
 0.412541 0.321232 0.080308 0.185919
 0.301430 0.387239 0.129813 0.181518
 0.419142 0.172717 0.199120 0.209021

MOTIF Minus10
letter-probability matrix: alength= 4 w= 6 nsites= 909
 0.018702 0.050605 0.044004 0.886689
 0.974697 0.001100 0.013201 0.011001
 0.293729 0.157316 0.089109 0.459846
 0.777778 0.057206 0.083608 0.081408
 0.795380 0.102310 0.048405 0.053905
 0.036304 0.020902 0.017602 0.925193

