MEME version 4

ALPHABET= ACGT

strands: + -

MOTIF Minus35
letter-probability matrix: alength= 4 w= 6 nsites= 944
 0.027542 0.027542 0.032839 0.912076
 0.051907 0.064619 0.117585 0.765890
 0.014831 0.055085 0.830508 0.099576
 0.329449 0.475636 0.062500 0.132415
 0.211864 0.489407 0.180085 0.118644
 0.293432 0.271186 0.235169 0.200212

MOTIF Minus10
letter-probability matrix: alength= 4 w= 6 nsites= 944
 0.032839 0.239407 0.063559 0.664195
 0.924788 0.013771 0.040254 0.021186
 0.246822 0.129237 0.281780 0.342161
 0.314619 0.227754 0.308263 0.149364
 0.218220 0.273305 0.347458 0.161017
 0.125000 0.230932 0.354873 0.289195

