MEME version 4

ALPHABET= ACGT

strands: + -

MOTIF Minus35
letter-probability matrix: alength= 4 w= 6 nsites= 1269
 0.048069 0.044917 0.050433 0.856580
 0.158392 0.048857 0.127660 0.665091
 0.048857 0.116627 0.620961 0.213554
 0.485422 0.253743 0.048069 0.212766
 0.268716 0.416864 0.102443 0.211978
 0.424744 0.165485 0.161545 0.248227

MOTIF Minus10
letter-probability matrix: alength= 4 w= 6 nsites= 1269
 0.040189 0.042553 0.026793 0.890465
 0.955083 0.003940 0.014184 0.026793
 0.208826 0.139480 0.085894 0.565800
 0.642238 0.073286 0.144208 0.140268
 0.630418 0.185185 0.078802 0.105595
 0.051221 0.027581 0.033097 0.888101

