MEME version 4

ALPHABET= ACGT

strands: + -

MOTIF Minus35
letter-probability matrix: alength= 4 w= 6 nsites= 82
 0.085366 0.048780 0.073171 0.792683
 0.317073 0.085366 0.097561 0.500000
 0.134146 0.158537 0.487805 0.219512
 0.573171 0.207317 0.036585 0.182927
 0.463415 0.280488 0.012195 0.243902
 0.512195 0.195122 0.121951 0.170732

MOTIF Minus10
letter-probability matrix: alength= 4 w= 6 nsites= 82
 0.182927 0.085366 0.146341 0.585366
 0.865854 0.012195 0.024390 0.097561
 0.353659 0.170732 0.085366 0.390244
 0.634146 0.109756 0.146341 0.109756
 0.621951 0.195122 0.085366 0.097561
 0.219512 0.097561 0.036585 0.646341

