MEME version 4

ALPHABET= ACGT

strands: + -

MOTIF Minus35
letter-probability matrix: alength= 4 w= 6 nsites= 2117
 0.066131 0.136514 0.101086 0.696268
 0.141710 0.146906 0.242324 0.469060
 0.026453 0.145961 0.692489 0.135097
 0.289088 0.428909 0.119036 0.162966
 0.179972 0.475673 0.192726 0.151630
 0.287671 0.294284 0.281530 0.136514

MOTIF Minus10
letter-probability matrix: alength= 4 w= 6 nsites= 2116
 0.056238 0.171550 0.114367 0.657845
 0.881380 0.019849 0.060964 0.037807
 0.176749 0.209357 0.252836 0.361059
 0.410681 0.226843 0.225425 0.137051
 0.367202 0.382325 0.163516 0.086957
 0.074197 0.090265 0.060491 0.775047

