MEME version 4

ALPHABET= ACGT

strands: + -

MOTIF Minus35
letter-probability matrix: alength= 4 w= 6 nsites= 1142
 0.082312 0.152364 0.109457 0.655867
 0.183012 0.161996 0.253065 0.401926
 0.040280 0.147986 0.672504 0.139229
 0.327496 0.426445 0.087566 0.158494
 0.216287 0.459720 0.151489 0.172504
 0.308231 0.269702 0.311734 0.110333

MOTIF Minus10
letter-probability matrix: alength= 4 w= 6 nsites= 1142
 0.106830 0.258319 0.230298 0.404553
 0.693520 0.048161 0.174256 0.084063
 0.169877 0.308231 0.215412 0.306480
 0.299475 0.260070 0.283713 0.156743
 0.324869 0.337128 0.228546 0.109457
 0.122592 0.225044 0.192644 0.459720

