MEME version 4

ALPHABET= ACGT

strands: + -

MOTIF Minus35
letter-probability matrix: alength= 4 w= 6 nsites= 1087
 0.028519 0.028519 0.030359 0.912603
 0.039558 0.046918 0.152714 0.760810
 0.002760 0.076357 0.800368 0.120515
 0.355106 0.461822 0.050598 0.132475
 0.173873 0.528059 0.198712 0.099356
 0.254830 0.324747 0.244710 0.175713

MOTIF Minus10
letter-probability matrix: alength= 4 w= 6 nsites= 1087
 0.032199 0.207912 0.084637 0.675253
 0.919043 0.018399 0.025759 0.036799
 0.205152 0.172953 0.262190 0.359706
 0.359706 0.228151 0.293468 0.118675
 0.264949 0.300828 0.230911 0.203312
 0.143514 0.223551 0.187672 0.445262

