MEME version 4

ALPHABET= ACGT

strands: + -

MOTIF Minus35
letter-probability matrix: alength= 4 w= 6 nsites= 1120
 0.079464 0.094643 0.060714 0.765179
 0.201786 0.063393 0.143750 0.591071
 0.047321 0.121429 0.595536 0.235714
 0.390179 0.321429 0.067857 0.220536
 0.274107 0.366071 0.132143 0.227679
 0.386607 0.205357 0.183036 0.225000

MOTIF Minus10
letter-probability matrix: alength= 4 w= 6 nsites= 1120
 0.051786 0.106250 0.058036 0.783929
 0.955357 0.000893 0.013393 0.030357
 0.225000 0.182143 0.098214 0.494643
 0.537500 0.128571 0.156250 0.177679
 0.491071 0.297321 0.101786 0.109821
 0.058036 0.044643 0.022321 0.875000

