MEME version 4

ALPHABET= ACGT

strands: + -

MOTIF Minus35
letter-probability matrix: alength= 4 w= 6 nsites= 1802
 0.045505 0.073252 0.048280 0.832963
 0.175361 0.043840 0.135405 0.645394
 0.039956 0.097669 0.622087 0.240289
 0.365705 0.313541 0.069922 0.250832
 0.298557 0.310766 0.123751 0.266926
 0.412320 0.193674 0.127636 0.266371

MOTIF Minus10
letter-probability matrix: alength= 4 w= 6 nsites= 1802
 0.022752 0.056604 0.039956 0.880688
 0.976138 0.002775 0.005549 0.015538
 0.265261 0.150388 0.159267 0.425083
 0.542175 0.122642 0.155938 0.179245
 0.506659 0.262486 0.091565 0.139290
 0.034961 0.022198 0.013873 0.928968

