MEME version 4

ALPHABET= ACGT

strands: + -

MOTIF Minus35
letter-probability matrix: alength= 4 w= 6 nsites= 2051
 0.085812 0.110190 0.073623 0.730375
 0.237933 0.084837 0.168698 0.508532
 0.078498 0.121892 0.577279 0.222331
 0.380790 0.304242 0.082886 0.232082
 0.281326 0.337884 0.139444 0.241346
 0.392979 0.196490 0.215992 0.194539

MOTIF Minus10
letter-probability matrix: alength= 4 w= 6 nsites= 2051
 0.096538 0.150171 0.189176 0.564115
 0.803510 0.019015 0.098976 0.078498
 0.217942 0.192101 0.171624 0.418333
 0.398342 0.186251 0.221843 0.193564
 0.433447 0.268649 0.190151 0.107752
 0.173574 0.137006 0.112140 0.577279

