MEME version 4

ALPHABET= ACGT

strands: + -

MOTIF Minus35
letter-probability matrix: alength= 4 w= 6 nsites= 1206
 0.058043 0.015755 0.016584 0.909619
 0.207297 0.040630 0.061360 0.690713
 0.052239 0.067164 0.553068 0.327529
 0.545605 0.172471 0.021559 0.260365
 0.387231 0.273632 0.068823 0.270315
 0.533997 0.082090 0.080431 0.303483

MOTIF Minus10
letter-probability matrix: alength= 4 w= 6 nsites= 1206
 0.029851 0.027363 0.014925 0.927861
 0.975124 0.002488 0.007463 0.014925
 0.270315 0.091211 0.061360 0.577114
 0.706468 0.046434 0.103648 0.143449
 0.730514 0.103648 0.067993 0.097844
 0.035655 0.017413 0.006633 0.940299

