MEME version 4

ALPHABET= ACGT

strands: + -

MOTIF Minus35
letter-probability matrix: alength= 4 w= 6 nsites= 1800
 0.064444 0.025556 0.027778 0.882222
 0.214444 0.026111 0.075000 0.684444
 0.073889 0.069444 0.525556 0.331111
 0.514444 0.176667 0.033889 0.275000
 0.397222 0.241111 0.073889 0.287778
 0.530556 0.097222 0.086667 0.285556

MOTIF Minus10
letter-probability matrix: alength= 4 w= 6 nsites= 1800
 0.023889 0.021667 0.018889 0.935556
 0.972778 0.001667 0.009444 0.016111
 0.266667 0.084444 0.059444 0.589444
 0.675000 0.052778 0.106111 0.166111
 0.738333 0.097778 0.063333 0.100556
 0.042778 0.015556 0.011111 0.930556

