MEME version 4

ALPHABET= ACGT

strands: + -

MOTIF Minus35
letter-probability matrix: alength= 4 w= 6 nsites= 885
 0.062147 0.037288 0.031638 0.868927
 0.207910 0.029379 0.058757 0.703955
 0.048588 0.063277 0.632768 0.255367
 0.467797 0.240678 0.036158 0.255367
 0.348023 0.303955 0.072316 0.275706
 0.577401 0.083616 0.067797 0.271186

MOTIF Minus10
letter-probability matrix: alength= 4 w= 6 nsites= 885
 0.012429 0.011299 0.012429 0.963842
 0.981921 0.001130 0.011299 0.005650
 0.212429 0.082486 0.093785 0.611299
 0.811299 0.022599 0.067797 0.098305
 0.801130 0.148023 0.023729 0.027119
 0.013559 0.007910 0.003390 0.975141

