MEME version 4

ALPHABET= ACGT

strands: + -

MOTIF Minus35
letter-probability matrix: alength= 4 w= 6 nsites= 1016
 0.068898 0.201772 0.184055 0.545276
 0.167323 0.192913 0.285433 0.354331
 0.025591 0.201772 0.691929 0.080709
 0.312992 0.384843 0.159449 0.142717
 0.135827 0.499016 0.246063 0.119094
 0.217520 0.354331 0.339567 0.088583

MOTIF Minus10
letter-probability matrix: alength= 4 w= 6 nsites= 1016
 0.034449 0.151575 0.148622 0.665354
 0.876969 0.018701 0.067913 0.036417
 0.134843 0.307087 0.323819 0.234252
 0.269685 0.235236 0.367126 0.127953
 0.264764 0.372047 0.284449 0.078740
 0.037402 0.056102 0.051181 0.855315

