MEME version 4

ALPHABET= ACGT

strands: + -

MOTIF Minus35
letter-probability matrix: alength= 4 w= 6 nsites= 2429
 0.083162 0.199671 0.110333 0.606834
 0.242075 0.170029 0.185673 0.402223
 0.056814 0.167147 0.652120 0.123919
 0.338411 0.399753 0.113215 0.148621
 0.212845 0.402223 0.199671 0.185261
 0.344998 0.249074 0.285303 0.120626

MOTIF Minus10
letter-probability matrix: alength= 4 w= 6 nsites= 2429
 0.058049 0.134623 0.130095 0.677233
 0.918485 0.009881 0.037464 0.034170
 0.224372 0.208316 0.274187 0.293125
 0.452861 0.132565 0.283244 0.131330
 0.481680 0.277892 0.160148 0.080280
 0.078221 0.078633 0.041169 0.801976

