MEME version 4

ALPHABET= ACGT

strands: + -

MOTIF Minus35
letter-probability matrix: alength= 4 w= 6 nsites= 170
 0.052941 0.158824 0.064706 0.723529
 0.205882 0.123529 0.176471 0.494118
 0.052941 0.152941 0.629412 0.164706
 0.323529 0.352941 0.158824 0.164706
 0.252941 0.441176 0.147059 0.158824
 0.458824 0.205882 0.217647 0.117647

MOTIF Minus10
letter-probability matrix: alength= 4 w= 6 nsites= 170
 0.029412 0.047059 0.088235 0.835294
 0.964706 0.005882 0.017647 0.011765
 0.247059 0.182353 0.188235 0.382353
 0.523529 0.076471 0.223529 0.176471
 0.617647 0.194118 0.100000 0.088235
 0.070588 0.005882 0.041176 0.882353

