MEME version 4

ALPHABET= ACGT

strands: + -

MOTIF Minus35
letter-probability matrix: alength= 4 w= 6 nsites= 550
 0.100000 0.067273 0.050909 0.781818
 0.205455 0.092727 0.101818 0.600000
 0.070909 0.161818 0.518182 0.249091
 0.498182 0.220000 0.063636 0.218182
 0.356364 0.292727 0.107273 0.243636
 0.474545 0.183636 0.160000 0.181818

MOTIF Minus10
letter-probability matrix: alength= 4 w= 6 nsites= 550
 0.056364 0.036364 0.072727 0.834545
 0.941818 0.009091 0.025455 0.023636
 0.298182 0.090909 0.161818 0.449091
 0.703636 0.076364 0.083636 0.136364
 0.765455 0.120000 0.045455 0.069091
 0.083636 0.047273 0.021818 0.847273

