MEME version 4

ALPHABET= ACGT

strands: + -

MOTIF Minus35
letter-probability matrix: alength= 4 w= 6 nsites= 1283
 0.059236 0.068589 0.045986 0.826189
 0.209665 0.064692 0.109899 0.615744
 0.046765 0.099766 0.645362 0.208106
 0.391270 0.315666 0.081839 0.211224
 0.278254 0.326578 0.144193 0.250974
 0.406859 0.203429 0.141076 0.248636

MOTIF Minus10
letter-probability matrix: alength= 4 w= 6 nsites= 1283
 0.031177 0.088854 0.063913 0.816056
 0.956352 0.006235 0.010133 0.027280
 0.239283 0.157443 0.152767 0.450507
 0.540140 0.136399 0.130943 0.192518
 0.533905 0.244739 0.102884 0.118472
 0.055339 0.046765 0.024942 0.872954

