MEME version 4

ALPHABET= ACGT

strands: + -

MOTIF Minus35
letter-probability matrix: alength= 4 w= 6 nsites= 1545
 0.099676 0.199353 0.114563 0.586408
 0.150809 0.153398 0.242071 0.453722
 0.033010 0.165696 0.703560 0.097735
 0.312621 0.432362 0.118447 0.136570
 0.179935 0.470550 0.209709 0.139806
 0.253722 0.297087 0.302265 0.146926

MOTIF Minus10
letter-probability matrix: alength= 4 w= 6 nsites= 1545
 0.033657 0.188350 0.123625 0.654369
 0.921036 0.016181 0.033657 0.029126
 0.163107 0.264078 0.229126 0.343689
 0.447249 0.236246 0.225243 0.091262
 0.422006 0.365049 0.150162 0.062783
 0.043366 0.049838 0.031068 0.875728

