MEME version 4

ALPHABET= ACGT

strands: + -

MOTIF Minus35
letter-probability matrix: alength= 4 w= 6 nsites= 3205
 0.054914 0.061154 0.047738 0.836193
 0.183151 0.056474 0.111700 0.648674
 0.043370 0.091732 0.603120 0.261778
 0.410920 0.296412 0.069891 0.222777
 0.276131 0.336037 0.103276 0.284555
 0.417473 0.175663 0.198440 0.208424

MOTIF Minus10
letter-probability matrix: alength= 4 w= 6 nsites= 3205
 0.076131 0.123869 0.107956 0.692044
 0.876443 0.017785 0.051482 0.054290
 0.244618 0.121997 0.125429 0.507956
 0.408736 0.164743 0.207176 0.219345
 0.440874 0.207488 0.181591 0.170047
 0.201560 0.144774 0.125741 0.527925

